InternalClassType: Method
Coordinate3D: [15.950000000000001,-1.6500000000000001,0]
Origin: 7f63e73c-68e4-44fc-8fc6-bf84e1a40c6a
RandomSeed: 419
UUID: 0e3aff7d-8270-431f-acdc-676219db9c1a
