InternalClassType: Method
Coordinate3D: [19.650000000000002,-1.6500000000000001,0]
Origin: ee6b08b5-b246-4d3e-ad9a-3b049f19f370
RandomSeed: 418
UUID: 1e2f73fe-79f0-4b4a-a04f-34a2f7925267
