InternalClassType: Method
Coordinate3D: [9.4500000000000011,-1.6500000000000001,0]
Origin: adcafd41-ff03-4844-ac82-fa1db782c011
RandomSeed: 420
UUID: 45197065-f719-4a31-ac54-c01a506889ee
