InternalClassType: Method
Coordinate3D: [25.400000000000002,-1.6500000000000001,0]
Origin: 46987168-47ad-4394-b5ac-cc671eceb7bb
RandomSeed: 416
UUID: 256b5f16-f44d-4c65-87f7-035fb520177b
